01000011 01100001 01100101 01100100 01101101 01101111 01101110 00100000 01001101 01100011 01000111 01101001 01101110 01101110 00100000 01101101 01100001 01100100 01100101 00100000 01110100 01101000 01101001 01110011 00100000 01101101 01100001 01110000 00100000 00100000 00101000 01100110 01101100 01101001 01110000 01101011 01101001 01100011 01101011 00101001 00100000 00101000 01111000 01110100 01110010 01100101 01100001 01101101 01101110 01110101 01101011 01100101 00110010 00110100 00110100 00101001 00100000 00101000 01110011 01110100 01100101 01100001 01101100 01110100 01101000 01110010 01100001 01111010 01100101 01110010 00101001 00100000 00101000 01000000 01101011 01101001 01101110 01100111 01101110 01100101 01110010 01100100 01100010 01101111 01101001 00101001






























































https://www.rapidtables.com/convert/number/ascii-to-binary.html